0,273
0,270
78,35
10,306
10,266
68,4
10,218
68,1
10,156
67,4
10,96
10,252
67,3
10,28
67,1
66,4
66,3
10,80
10,2
66,2
66,1
10,3
66,0
65,3
65,2
65,1
11,14
11,16
65,0
64,4
64,3
64,2
64,1
64,0
63,4
63,3
9,7
9,2
63,2
63,1
9,3
63,0
62,5
62,4
62,3
62,2
62,1
62,0
60,3
8,16
8,6
8,14
60,2
60,1
8,5
60,0
59,3
59,2
59,1
59,0
58,3
58,2
58,1
58,0
56,3
56,2
56,1
56,0
55,3
55,2
55,1
55,0
54,3
54,2
54,1
54,0
53,3
53,2
53,1
53,0
17,3
17,2
20,2
17,1
16,3
20,1
16,2
20,3
16,1
15,3
15,2
15,1
14,2
19,2
13,2
12,3
19,1
12,2
19,3
12,1
11,27
11,25
11,24
11,23
11,22
11,21
11,20
11,19
11,18
11,17
11,13
11,12
11,8
11,7
11,6
11,3
11,2
11,1
10,283
